% # columns="iteration, evaluation, sigma, axis ratio, bestever, best, median, worst objective function value, further objective values of best", seed=348277, Wed May  5 20:53:38 2021, <python>{}</python>
1 6 0.5337195627066831 1.0000250003125026 27.961393252355172 2.7961393252355172e+01 29.442992204437118 29.844697998535185   
2 12 0.591317971671627 1.4407546707854695 27.535400619881468 2.7535400619881468e+01 28.338981865855853 29.406422873197826   
3 18 0.5352562640772371 1.7094601433249441 27.027935273033833 2.7027935273033833e+01 28.43056690864859 29.004513249747642   
4 24 0.5038534770827254 1.9575880088317839 26.818787670121033 2.6818787670121033e+01 28.50625043715686 29.305266083108396   
5 30 0.6911878147826978 1.742992935392025 25.657407078552104 2.5657407078552104e+01 27.187248975727407 27.758521593076175   
6 36 1.0730888047368798 2.3358440928145354 24.082933892941735 2.4082933892941735e+01 25.925466961569562 27.477178797280843   
7 42 1.4888806599742828 2.201263304001268 22.76963398686037 2.2769633986860370e+01 25.133086683318023 28.483787220019416   
8 48 1.9896703615549625 1.82309654286405 19.367181010052125 1.9367181010052125e+01 24.208379313297844 26.8899951162099   
9 54 2.58967541553337 2.4038547689431677 17.757684522644805 1.7757684522644805e+01 21.386962792122063 24.258703243842433   
10 60 4.514907309606785 2.005285846146104 12.880983725737355 1.2880983725737355e+01 21.225599214603974 27.00732405153119   
11 66 5.547288882940792 1.7651885725189937 12.806095431809974 1.2806095431809974e+01 15.18800460342484 18.114005755722438   
12 72 7.108397118524358 1.8415519461153513 12.806095431809974 1.3279658193297688e+01 17.19739346440188 18.214409187391833   
13 78 7.529934526427691 1.5942088660787346 9.8399678429717 9.8399678429716992e+00 16.245884430752806 28.97598405231626   
14 84 6.314150404872498 1.317519378764355 9.8399678429717 1.0875628800147839e+01 24.13165120372817 27.216885316297386   
15 90 4.60534048742488 1.1211132310443317 8.593844476775544 8.5938444767755442e+00 14.736913147743547 21.483011896443475   
16 96 4.625341010829893 1.2956260479797865 8.593844476775544 9.0228468302112415e+00 12.09347719243492 16.212526213175906   
17 102 4.653876992739129 1.3340786233358455 7.734858572573258 7.7348585725732582e+00 9.381540576704595 16.98404441607582   
18 108 5.608419534249286 1.445990812263767 5.4633196899707634 5.4633196899707634e+00 8.759368333539086 9.288914766028023   
19 114 6.240365252005137 2.288437871202643 3.927013106540175 3.9270131065401750e+00 7.8380701313527785 10.874616512289782   
20 120 7.4897831751884265 2.587653997316091 3.5255950328693517 3.5255950328693517e+00 7.30438855005419 16.20230879703677   
21 126 6.852723972221119 3.621508215456726 3.500058952478183 3.5000589524781831e+00 6.423549311218401 10.81771517856389   
22 132 6.569221633890075 3.739799435525004 3.366546381419297 3.3665463814192971e+00 6.720269784891303 10.937531199538558   
23 138 6.791522261592633 4.0000958588190585 0.7851667391774136 7.8516673917741364e-01 2.351941590450276 10.859169326225187   
24 144 5.186296551223413 3.82100457398087 0.7851667391774136 1.0038246587943271e+00 4.159903507158131 8.177295414958015   
25 150 5.713646883474005 3.3475570339322798 0.7851667391774136 2.7929334322906532e+00 4.041074886387926 6.172631809845694   
26 156 4.7448613590440365 4.258276345356712 0.7851667391774136 2.4623558339249807e+00 4.5046189288644864 7.093609136386762   
27 162 4.699352135311623 5.025500564840617 0.6306017837915832 6.3060178379158316e-01 3.8735375223174704 4.180659143385949   
28 168 4.273369479557667 4.31619969076781 0.6306017837915832 7.6396565857279497e-01 2.4065212168557935 3.560801216009613   
29 174 3.927668005212306 4.388600204729857 0.3199908820392007 3.1999088203920067e-01 2.2017870501538126 4.613475550832274   
30 180 2.999015381051377 4.179613669020361 0.3199908820392007 3.3717704936741300e-01 1.567832713104886 2.402286774748054   
31 186 2.2626735246288625 3.9987781585787703 0.10803843534814847 1.0803843534814847e-01 1.019102466615415 1.8984843105210605   
32 192 1.8510857965882461 4.057700466546737 0.07913258373981501 7.9132583739815007e-02 0.5399010525409453 1.022822602823409   
33 198 1.4502932493369256 3.3972512001820045 0.07913258373981501 1.2364069362202937e-01 0.5863428730293958 0.7952549232260697   
34 204 1.1539544176222787 3.206458473346802 0.07913258373981501 1.1382351246551549e-01 0.3112633061760926 0.5762997928588586   
35 210 0.8989039742482724 3.9823428209608767 0.07410166776239863 7.4101667762398626e-02 0.30191676876613555 0.5695307211088936   
36 216 0.8990705201596495 3.617147818303938 0.07410166776239863 1.0403954712037483e-01 0.1961637424255001 0.25146751768185555   
37 222 0.8216080987714198 4.952711752367277 0.06017743519748548 6.0177435197485481e-02 0.18240449013320262 0.3323522307157075   
38 228 0.6693547133932346 6.085167482062549 0.05411568969610968 5.4115689696109678e-02 0.11412906354088767 0.32152120310765714   
39 234 0.5584504413527476 5.816013777397987 0.05411568969610968 6.8922368819001989e-02 0.13758689339491045 0.19955353383274965   
40 240 0.45295022315749023 5.013012566167778 0.04220911332118463 4.2209113321184627e-02 0.10951347712840347 0.1493957941255686   
41 246 0.36129539194198174 4.342191333040782 0.04220911332118463 5.3076312448022939e-02 0.059843699338454646 0.10933513606354632   
42 252 0.33136073785575926 4.299795222342377 0.03726621087668146 3.7266210876681458e-02 0.06578778002140911 0.142110658702091   
43 258 0.32290439280409206 3.9419030541903344 0.012351616082567176 1.2351616082567176e-02 0.044374760657062515 0.06615883505224103   
44 264 0.324215084860271 4.556972278950841 0.009148509605924362 9.1485096059243619e-03 0.023848760076015614 0.03459466055680475   
45 270 0.351845030701514 6.209389237427712 0.009148509605924362 3.0056810122927172e-02 0.04229180133095478 0.09707969744310786   
46 276 0.3287312181222563 4.768740180385494 0.009148509605924362 1.0325611974632708e-02 0.04091668520542353 0.052945664827814355   
47 282 0.24244396586154737 4.534384410564417 0.009148509605924362 1.3895544592502777e-02 0.02924559388246644 0.0323172766250803   
48 288 0.24949405549975 4.203279209634429 0.003074882280675301 3.0748822806753008e-03 0.017685244075554895 0.03512182475637494   
49 294 0.18739844586788768 4.426219145891407 0.003074882280675301 8.7224898600243104e-03 0.016848941562906925 0.02134115996031086   
50 300 0.16676347924037516 4.592269889902284 0.003074882280675301 4.0416476079864396e-03 0.01599780556273404 0.017645687526353607   
51 306 0.1271505172363269 4.903419446239955 0.0006381428186206724 6.3814281862067241e-04 0.012562087443027227 0.01733112573529174   
52 312 0.10635486250355325 5.088203276392808 0.0006381428186206724 1.2426141146746278e-03 0.007913544423978213 0.00950075736209517   
53 318 0.10516005936428874 4.285009659949805 0.0006381428186206724 2.8005004555219084e-03 0.006165792904585624 0.013138043124500629   
54 324 0.10984121550152921 4.487726730312233 0.0006381428186206724 4.2149234132659013e-03 0.006087901004236604 0.010707070501601494   
55 330 0.10121110230319888 4.850359790552791 0.0006381428186206724 3.7179330478372668e-03 0.006311298568772097 0.009948146951969971   
56 336 0.09169555146030978 3.991097545720966 0.0006381428186206724 3.2875270845307250e-03 0.006385949241077385 0.009021262517373322   
57 342 0.0864801538782483 4.753373111856417 0.0006381428186206724 1.6595730813851045e-03 0.004023971097509842 0.006446991193429423   
58 348 0.07607372671208687 4.899794206861843 0.0006381428186206724 9.6324961678753110e-04 0.0015462137105022164 0.0030274514942510676   
59 354 0.06932630093743009 6.205600268519544 0.0006381428186206724 7.8601067248451194e-04 0.0032734833110407745 0.00399812106823924   
60 360 0.05163791409289959 4.978351258100572 0.0003547904360483288 3.5479043604832880e-04 0.0013361877480199548 0.0027600314656868186   
61 366 0.04253155781826518 4.214669563707576 0.0002817224180352921 2.8172241803529208e-04 0.0006331416886758522 0.0029616646890991936   
62 372 0.031164578906321704 4.32263635621465 0.0002745258728981808 2.7452587289818078e-04 0.0009744103603074262 0.0012426638017596304   
63 378 0.023118221208613874 4.219596223972211 0.0001201464263801719 1.2014642638017190e-04 0.00045771735445060863 0.0007681479137344353   
64 384 0.018833707789601424 3.5473365239481343 0.0001201464263801719 1.6406964856165290e-04 0.00031835800984782945 0.0007159048872372987   
65 390 0.016066150755574514 4.1431632485395875 0.0001201464263801719 1.6950167886446116e-04 0.000304672543448827 0.00047998411085363327   
66 396 0.011693976993037897 5.074304767951054 0.00010697924806870958 1.0697924806870958e-04 0.0002169570975115877 0.000507729591504071   
67 402 0.009850795854089232 4.624649362733839 0.00010697924806870958 1.1769793136146111e-04 0.00024235615743510645 0.00027915911975751127   
68 408 0.013635857607583391 3.6720025568982586 8.571329134113901e-06 8.5713291341139010e-06 0.00015462910675288633 0.00032230715945782756   
69 414 0.014836198544271607 3.6594092671102363 8.571329134113901e-06 1.3677440336221829e-04 0.00023392851999245548 0.0003846632650404951   
70 420 0.011962427256208576 3.7220884646767494 8.571329134113901e-06 8.7719786329950729e-05 0.00018793317092713363 0.0004943659455259052   
71 426 0.0102718639289243 3.031694842027884 8.571329134113901e-06 9.8141688306632367e-06 0.00021279109570939146 0.00026363384306159405   
72 432 0.009907692341687492 3.4780389906087064 8.571329134113901e-06 6.2097246520341425e-05 0.00011165900062425135 0.00018867307208420264   
73 438 0.009496710068409922 3.430125293066964 8.571329134113901e-06 5.3524503705461372e-05 8.916673893603907e-05 0.0001234179092165179   
74 444 0.007970377320626686 4.057624686212632 8.571329134113901e-06 2.2526450509014650e-05 6.903458984128708e-05 7.895984357318619e-05   
75 450 0.00690090985803034 3.986083658307841 8.571329134113901e-06 1.8600217738746563e-05 8.105501444860047e-05 0.0001468345674818735   
76 456 0.005906271703946609 4.674039843559121 2.7962590463833795e-06 2.7962590463833795e-06 5.79831668967166e-05 8.610390372841579e-05   
77 462 0.004318529103322649 4.901773121510301 2.7962590463833795e-06 5.3615386932289309e-06 2.447642579521134e-05 5.2403226370568564e-05   
78 468 0.003216961041412408 4.537293019507931 2.7962590463833795e-06 2.9652083746917867e-06 1.6747008598994815e-05 3.166326812809768e-05   
79 474 0.002353690125007624 4.547926265798248 1.1108837945102653e-06 1.1108837945102653e-06 1.5489102661141016e-05 3.276386866389411e-05   
80 480 0.0020110232787672547 5.546204328661715 1.1108837945102653e-06 4.0024772975423411e-06 7.78967864044745e-06 1.3640025187339373e-05   
81 486 0.00143092173824741 6.575336673655518 1.1108837945102653e-06 2.1953721348573652e-06 8.56310353643261e-06 1.6332169524915856e-05   
82 492 0.001550590480803829 6.122315094364383 1.1108837945102653e-06 1.1947827797330730e-06 7.254116411626408e-06 1.4353018206522234e-05   
83 498 0.0012858008441557673 6.149838269826365 1.1108837945102653e-06 1.6624055932972730e-06 6.060319702943496e-06 7.696360914526439e-06   
84 504 0.0010518914786103904 6.263931596260619 1.1108837945102653e-06 1.2351737962138549e-06 3.4054328249956513e-06 5.1351647075891025e-06   
85 510 0.0008447239526164698 6.030303188650629 7.345268935177427e-07 7.3452689351774270e-07 1.116606520690008e-06 3.0098583612077317e-06   
86 516 0.0006622464594036783 6.836598076565119 2.9764060319645047e-07 2.9764060319645047e-07 1.8535758248404925e-06 2.510292397357207e-06   
87 522 0.0007049783323110298 7.413642494932747 2.9764060319645047e-07 9.5357881543506924e-07 2.038991710353948e-06 2.248645621219167e-06   
88 528 0.0006917897876830479 8.831847396710874 2.9764060319645047e-07 1.8009984008223673e-06 2.6247715687288075e-06 2.9014483358684493e-06   
89 534 0.0006091723788491512 8.587076698610838 2.9764060319645047e-07 7.0662643070983202e-07 1.477948264149486e-06 3.2871291512247723e-06   
90 540 0.0005027311288253005 8.368547409129546 2.9764060319645047e-07 3.3536990884319070e-07 1.6232493495927962e-06 1.7765803441802587e-06   
91 546 0.00040514821406377244 7.0904408711798474 2.9764060319645047e-07 4.6676227378185733e-07 9.62792837441186e-07 1.523389736096788e-06   
92 552 0.0003412609591508236 5.858212928244184 2.8936866868673613e-07 2.8936866868673613e-07 6.323426618827784e-07 1.1348446059933287e-06   
93 558 0.00033830509624612723 5.503260396440411 1.5306502045633029e-07 1.5306502045633029e-07 4.7624377179684016e-07 6.824314808643363e-07   
94 564 0.0003601420688480544 4.312239552522733 1.5306502045633029e-07 4.3983301511149693e-07 5.722896385769183e-07 1.0496019410771114e-06   
95 570 0.00037543516033807834 5.252089612334064 1.5306502045633029e-07 2.7005062084036604e-07 5.037559116091904e-07 1.0003567537266729e-06   
96 576 0.00032602752521557947 7.466042911864608 1.4145409040182309e-07 1.4145409040182309e-07 6.870384971916354e-07 1.0118990917580341e-06   
97 582 0.0002729744274673704 6.926079980916893 4.781271074994825e-08 4.7812710749948247e-08 3.5667166918907014e-07 7.057449654697066e-07   
98 588 0.00021152528800317042 7.581246484810183 4.781271074994825e-08 6.6894797824175839e-08 2.6625156490188145e-07 4.2159129901174613e-07   
99 594 0.00017042870055749133 7.486201833543285 1.3744951984730954e-08 1.3744951984730954e-08 1.593446243208396e-07 4.754575344311932e-07   
100 600 0.00013291911192153804 6.389865892325487 1.3744951984730954e-08 2.7477290186351019e-08 1.9448125299884517e-07 3.0508359581991243e-07   
101 606 0.00011055114525840096 5.574269476413422 1.3744951984730954e-08 3.9547026202956650e-08 1.2659297299116723e-07 1.5538553582088244e-07   
102 612 0.00010632960153784475 4.943949832567381 1.3744951984730954e-08 3.4358703977631979e-08 4.418072287481605e-08 9.678128483226732e-08   
103 618 8.029108044224829e-05 5.327454540676014 6.986597754812089e-09 6.9865977548120893e-09 6.663602723946534e-08 8.869969251746773e-08   
104 624 7.042460029011687e-05 5.228564005682157 6.986597754812089e-09 1.7737584307133838e-08 2.8673752580647606e-08 5.473751360295267e-08   
105 630 5.737646184933183e-05 4.670724451247424 6.986597754812089e-09 8.9560542967491405e-09 3.9913792297370467e-08 4.8628267919963496e-08   
106 636 5.511824847776813e-05 3.844980618028433 6.148012819532564e-09 6.1480128195325639e-09 2.2842319719198446e-08 6.035335489719886e-08   
107 642 4.471885509219107e-05 4.744686706337333 6.148012819532564e-09 8.2410472282565370e-09 2.5855735293231734e-08 3.569944357948806e-08   
108 648 3.8778158203995145e-05 4.597243334922958 2.5564141141895492e-09 2.5564141141895492e-09 1.2227679510649197e-08 2.8172691363392306e-08   
109 654 2.8460868389332914e-05 4.774327868606615 2.5564141141895492e-09 6.3319204735288460e-09 9.22021758959505e-09 2.2085101034070658e-08   
110 660 2.1033497919089504e-05 4.976807857214183 2.5564141141895492e-09 3.0530462893868306e-09 5.081040452964498e-09 6.731451107474929e-09   
111 666 2.155048445397273e-05 5.664455933228281 2.5564141141895492e-09 3.6392996023889831e-09 7.199370154443144e-09 7.933593828027703e-09   
112 672 2.0655639044506112e-05 6.9565427659187415 1.248294430067568e-09 1.2482944300675680e-09 5.2874665438396934e-09 1.1004556212572584e-08   
113 678 1.5807159250547163e-05 6.892533040107785 1.248294430067568e-09 1.7638296489247971e-09 5.4529334311313025e-09 7.913027747518328e-09   
114 684 1.1411427257633388e-05 6.274059142186808 5.81613188397142e-10 5.8161318839714200e-10 4.087361704555582e-09 7.758488020220791e-09   
115 690 1.0680080983293343e-05 5.461493023357549 5.81613188397142e-10 1.3793464360947683e-09 2.2173021195487086e-09 4.459627635404944e-09   
116 696 8.378812772239072e-06 4.935006411233982 5.81613188397142e-10 6.9732319527537824e-10 1.5438874071297744e-09 2.967008821158038e-09   
117 702 6.290823384189169e-06 5.253856441814365 3.173239639516564e-10 3.1732396395165640e-10 1.1591581201963328e-09 2.2595298489146616e-09   
118 708 5.227064733703065e-06 5.189845107563506 3.173239639516564e-10 6.1911186484561540e-10 7.326525356962341e-10 1.4266445143714322e-09   
119 714 3.875309723696169e-06 4.877264726131409 1.621157500659056e-10 1.6211575006590561e-10 6.85563183330917e-10 8.725225936168667e-10   
120 720 3.3782665487621366e-06 4.874197575257025 1.3571534752089764e-10 1.3571534752089764e-10 3.416878952304268e-10 5.163500482975285e-10   
121 726 2.855003019133605e-06 5.204256846323175 1.3571534752089764e-10 2.4937513374568210e-10 3.486166690292773e-10 4.381040177205091e-10   
122 732 2.6792108606920887e-06 4.832312997383987 1.3571534752089764e-10 1.6110546990207759e-10 3.144575975228335e-10 4.3367887786201824e-10   
123 738 2.5812401012718116e-06 5.355047286480452 1.2048334323252288e-10 1.2048334323252288e-10 1.6480416109199588e-10 3.832852787564089e-10   
124 744 2.0776208116039875e-06 6.873929745535414 1.0050444577198215e-10 1.0050444577198215e-10 2.915477487738975e-10 5.943783615770934e-10   
125 750 2.0408456058773734e-06 5.799786124859287 1.7664132175335126e-11 1.7664132175335126e-11 1.4334776004360589e-10 3.3153285494385805e-10   
126 756 1.7315127339551237e-06 6.5811758537359575 1.7664132175335126e-11 3.9787792562886459e-11 1.47698461138923e-10 2.2165247836827885e-10   
127 762 1.631732070992413e-06 5.8424611513536915 1.7664132175335126e-11 2.4035889500736831e-11 1.2233885811431526e-10 1.7315846395008662e-10   
128 768 1.4339065251781753e-06 6.54095705255897 1.7664132175335126e-11 4.5956102781952071e-11 9.673194073805385e-11 1.3846203473279742e-10   
129 774 1.0279818315533573e-06 6.87880273036353 1.7664132175335126e-11 4.7299889244261085e-11 1.0875623167403943e-10 1.882387200082616e-10   
130 780 1.2030660899413175e-06 5.858861463252647 1.0903356780574051e-11 1.0903356780574051e-11 5.717609855144668e-11 1.0997989430929756e-10   
131 786 9.313134026968519e-07 6.367881683494292 1.0903356780574051e-11 3.6703347040712169e-11 5.32802969527205e-11 5.866876839212325e-11   
132 792 7.010864388146109e-07 7.53941612701015 1.0903356780574051e-11 1.7874399568273877e-11 4.431643523800625e-11 5.000850139471727e-11   
133 798 5.568863918131282e-07 6.597162113841375 1.0903356780574051e-11 2.2765915106402792e-11 2.7406563299212455e-11 4.152605598380022e-11   
134 804 5.710580919155586e-07 6.398349246413392 5.624676447433905e-12 5.6246764474339054e-12 2.8897640436859204e-11 5.1472038336780975e-11   
135 810 6.637207801007547e-07 4.800959768407428 5.624676447433905e-12 9.2813167665957295e-12 1.6863117505289694e-11 2.105911653675252e-11   
136 816 6.051604389766451e-07 3.324644824533944 3.6398282894529586e-12 3.6398282894529586e-12 1.4464240824551098e-11 4.021334540560678e-11   
137 822 5.468621053650174e-07 3.840894280355185 3.6398282894529586e-12 6.9995992803685974e-12 1.8816382862292654e-11 3.049399122021475e-11   
138 828 5.357137382456616e-07 4.02674736878829 3.6398282894529586e-12 1.0632634242350617e-11 1.2870656469228481e-11 1.9152918273765457e-11   
139 834 4.3661104726930897e-07 4.645072192502316 3.6398282894529586e-12 1.4132005230215079e-11 1.6610972285038516e-11 2.758779621855903e-11   
140 840 3.665013937686399e-07 5.432938097488597 3.6398282894529586e-12 5.9693975363699636e-12 1.571159320975894e-11 2.2873088369447952e-11   
141 846 4.021807860870705e-07 6.01180472818999 3.6398282894529586e-12 7.5474289132289279e-12 1.251109436576807e-11 1.6672635862796475e-11   
